5.393979072570801
4.99002742767334
5.332451820373535
5.008713245391846
5.317521095275879
5.012986898422241
5.391978025436401
5.004762172698975
5.407762050628662
5.00809121131897
5.369196176528931
4.999422550201416
5.380342721939087
4.992544889450073
5.3845391273498535
5.021508693695068
5.399911403656006
4.990028619766235
5.376091241836548
4.996458530426025
5.458733558654785
5.034352779388428
5.3938212394714355
5.002836227416992
5.343813896179199
5.023012161254883
5.358240604400635
4.997939109802246
5.333306789398193
5.034716367721558
5.380954265594482
5.04049015045166
5.411440134048462
5.016381025314331
5.403043746948242
5.005111217498779
5.399867057800293
5.002698659896851
5.350274324417114
5.019185543060303
